0 0
72181328 571 72161056 571 1598376003 1213481296 1547322173 1919251285 1701338227 1550414446 1148219457 1549890657 1835102034 1550282345 1701080899 1667318620 1147430248 1549890657 879047522 
72181328 571 72161056 571 1129534976 1598374991 1396789827 1163026248 1414680400 1348424261 1162039122 1415533395 1027952729 1702131813 1869181806 1936672878 1398145140 1162104643 1095910239 
72181328 571 72161056 571 1027888963 1432107587 1936876915 1852139612 1146906994 1819178863 1935958383 1869762652 1869899114 1735147808 1953067631 544436077 1442859337 1146045267 1095262021 
72181328 571 72161056 571 1330143043 1547520847 1885089372 1550151785 842425908 895706164 926038114 962933045 959852600 875980085 929128805 862009700 925774125 758263352 1852399981 
72181328 571 72161056 571 792356204 627257135 1429160243 1936876915 1852139567 774859122 1868788598 1697604964 1852142712 1852795251 1936535411 1768252205 778859630 1868788598 1814914404 
72181328 571 72161056 571 1936613746 1769234796 796094063 1702131813 1869181806 1982821230 1685021555 1936338533 1814916719 1969712737 761620321 1952540006 1936028277 942762286 1936338542 
72181328 571 72161056 571 573317746 1867281263 1701601635 1881291298 1919036788 1629629474 1818845558 1701601889 1735287116 1701273973 2067407475 975317538 762605602 2099409506 1818173996 
72181328 571 72161056 571 825516386 825506100 845375024 762605614 740455010 1920229154 1819504225 1869182049 1866691438 1734960750 1701603654 1126316578 1432116282 1936876915 1701338204 
72181328 571 72161056 571 825832246 1681416497 1667446628 1634022200 1633827174 959721780 1714434356 1882075747 1919036788 1668570204 1936338534 740453999 1633902370 1382377571 578056047 
72181328 571 72161056 571 1866685532 1549559140 1550871651 912536668 825309491 1684289633 946037559 1717658931 878797369 876164145 1667641393 1953508914 577921581 1918837292 1819243365 
